24 47 25
-1 -1 -1 0 31 0 69 0 8 8 0 -1 -1 57 0 0 -1 -1 0 0 0 -1 0 0
0 70 -1 35 0 0 14 0 89 66 63 0 0 0 60 41 0 -1 -1 0 0 21 -1 0
-1 -1 18 99 72 0 0 -1 38 -1 -1 0 0 0 0 0 0 0 75 0 66 -1 93 0
92 5 0 0 0 0 0 45 0 0 82 -1 0 -1 47 0 94 -1 0 12 93 0 48 0
-1 0 34 65 0 -1 0 0 -1 0 76 0 0 -1 0 79 8 0 0 0 0 0 -1 0
0 -1 0 -1 0 -1 12 26 19 -1 0 47 41 0 -1 -1 0 -1 0 20 0 -1 -1 0
0 47 0 0 -1 -1 0 -1 0 -1 46 1 0 86 0 19 64 51 60 15 74 -1 -1 -1
-1 63 95 86 93 -1 0 83 -1 42 80 -1 -1 0 1 0 0 -1 0 0 0 -1 0 -1
-1 0 0 -1 23 71 -1 0 0 48 -1 0 62 39 10 -1 -1 23 0 0 0 -1 0 -1
90 7 0 0 100 7 0 -1 0 60 0 27 0 0 17 0 75 0 -1 0 0 0 0 61
0 77 65 75 54 0 6 -1 0 0 -1 -1 0 11 79 0 -1 45 37 0 0 0 0 -1
0 -1 -1 0 -1 42 -1 60 -1 0 0 -1 0 0 16 -1 -1 0 -1 -1 -1 -1 0 0
0 0 -1 0 56 -1 55 -1 -1 58 -1 44 0 0 11 0 0 -1 0 -1 0 68 0 0
-1 92 0 35 76 0 95 0 0 0 -1 0 94 -1 -1 0 0 0 0 0 91 -1 26 20
0 0 -1 0 0 0 -1 0 0 -1 12 0 7 23 0 78 0 -1 0 -1 0 0 -1 -1
0 0 66 0 59 75 -1 78 0 -1 95 73 0 52 30 0 11 0 0 91 0 0 96 0
0 0 0 0 63 -1 0 40 0 0 0 73 0 56 95 8 -1 -1 87 0 32 0 0 -1
63 12 66 0 38 97 46 0 95 -1 11 0 50 0 0 33 70 21 0 0 58 44 0 0
37 2 100 32 0 0 -1 0 -1 9 -1 0 0 53 0 -1 83 -1 0 -1 -1 0 0 0
0 0 -1 0 0 0 10 0 -1 0 85 61 18 0 18 90 100 51 12 84 0 -1 0 -1
0 0 1 51 0 22 0 -1 -1 0 79 0 -1 -1 0 -1 30 93 -1 -1 0 -1 -1 0
27 0 0 71 0 0 30 94 54 -1 55 -1 0 -1 0 5 54 0 0 40 72 0 50 97
54 8 0 59 44 0 100 30 69 0 0 0 28 54 0 -1 -1 57 0 -1 34 -1 0 0
3 0 37 53 0 78 72 -1 97 80 56 -1 87 0 0 -1 31 12 -1 0 0 0 0 -1
4 9
22 15
14 17
9 19
10 23
20 4
10 13
13 17
15 2
5 12
4 16
16 21
8 14
14 6
22 13
19 22
5 7
21 2
3 12
13 23
10 4
14 8
3 24
7 15
23 3
11 21
23 15
13 2
14 10
22 2
3 6
6 14
4 24
4 13
21 12
2 13
18 20
20 1
2 12
1 15
24 2
9 3
15 17
20 21
5 22
15 22
3 18
